1 9.35212e+006
2 9.35212e+006
3 9.35212e+006
4 9.35212e+006
5 9.35212e+006
6 9.35212e+006
7 9.35212e+006
8 9.35212e+006
9 9.35212e+006
10 9.35212e+006
11 9.35212e+006
12 9.35212e+006
13 9.35212e+006
14 9.35212e+006
15 9.35212e+006
16 9.35212e+006
17 9.35212e+006
18 9.35212e+006
19 9.35212e+006
20 9.35212e+006
21 9.35212e+006
22 9.35212e+006
23 9.35212e+006
24 9.35212e+006
25 9.35212e+006
26 9.35212e+006
27 9.35212e+006
28 9.35212e+006
29 9.35212e+006
30 9.35212e+006
31 9.35212e+006
32 9.35212e+006
33 9.35212e+006
34 9.35212e+006
35 9.35212e+006
36 9.35212e+006
37 9.35212e+006
38 9.35212e+006
39 9.35212e+006
40 9.35212e+006
41 9.35212e+006
42 9.35212e+006
43 9.35212e+006
44 9.35212e+006
45 9.35212e+006
46 9.35212e+006
47 9.35212e+006
48 9.35212e+006
49 9.35212e+006
50 9.35212e+006
51 9.35212e+006
52 9.35212e+006
53 9.35212e+006
54 9.35212e+006
55 9.35212e+006
56 9.35212e+006
57 9.35212e+006
58 9.35212e+006
59 9.35212e+006
60 9.35212e+006
61 9.35212e+006
62 9.35212e+006
63 9.35212e+006
64 9.35212e+006
65 9.35212e+006
66 9.35212e+006
67 9.35212e+006
68 9.35212e+006
69 9.35212e+006
70 9.35212e+006
71 9.35212e+006
72 9.35212e+006
73 9.35212e+006
74 9.35212e+006
75 9.35212e+006
76 9.35212e+006
77 9.35212e+006
78 9.35212e+006
79 9.35212e+006
80 9.35212e+006
81 9.35212e+006
82 9.35212e+006
83 9.35212e+006
84 9.35212e+006
85 9.35212e+006
86 9.35212e+006
87 9.35212e+006
88 9.35212e+006
89 9.35212e+006
90 9.35212e+006
91 9.35212e+006
92 9.35212e+006
93 9.35212e+006
94 9.35212e+006
95 9.35212e+006
96 9.35212e+006
97 9.35212e+006
98 9.35212e+006
99 9.35212e+006
100 9.35212e+006
101 9.35212e+006
102 9.35212e+006
103 9.35212e+006
104 9.35212e+006
105 9.35212e+006
106 9.35212e+006
107 9.35212e+006
108 9.35212e+006
109 9.35212e+006
110 9.35212e+006
111 9.35212e+006
112 9.35212e+006
113 9.35212e+006
114 9.35212e+006
115 9.35212e+006
116 9.35212e+006
117 9.35212e+006
118 9.35212e+006
119 9.35212e+006
120 9.35212e+006
121 9.35212e+006
122 9.35212e+006
123 9.35212e+006
124 9.35212e+006
125 9.35212e+006
126 9.35212e+006
127 9.35212e+006
128 9.35212e+006
129 9.35212e+006
130 9.35212e+006
131 9.35212e+006
132 9.35212e+006
133 9.35212e+006
134 9.35212e+006
135 9.35212e+006
136 9.35212e+006
137 9.35212e+006
138 9.35212e+006
139 9.35212e+006
140 9.35212e+006
141 9.35212e+006
142 9.35212e+006
143 9.35212e+006
144 9.35212e+006
145 9.35212e+006
146 9.35212e+006
147 9.35212e+006
148 9.35212e+006
149 9.35212e+006
150 9.35212e+006
151 9.35212e+006
152 9.35212e+006
153 9.35212e+006
154 9.35212e+006
155 9.35212e+006
156 9.35212e+006
157 9.35212e+006
158 9.35212e+006
159 9.35212e+006
160 9.35212e+006
161 9.35212e+006
162 9.35212e+006
163 9.35212e+006
164 9.35212e+006
165 9.35212e+006
166 9.35212e+006
167 9.35212e+006
168 9.35212e+006
169 9.35212e+006
170 9.35212e+006
171 9.35212e+006
172 9.35212e+006
173 9.35212e+006
174 9.35212e+006
175 9.35212e+006
176 9.35212e+006
177 9.35212e+006
178 9.35212e+006
179 9.35212e+006
180 9.35212e+006
181 9.35212e+006
182 9.35212e+006
183 9.35212e+006
184 9.35212e+006
185 9.35212e+006
186 9.35212e+006
187 9.35212e+006
188 9.35212e+006
189 9.35212e+006
190 9.35212e+006
191 9.35212e+006
192 9.35212e+006
193 9.35212e+006
194 9.35212e+006
195 9.35212e+006
196 9.35212e+006
197 9.35212e+006
198 9.35212e+006
199 9.35212e+006
200 9.35212e+006
201 9.35212e+006
202 9.35212e+006
203 9.35212e+006
204 9.35212e+006
205 9.35212e+006
206 9.35212e+006
207 9.35212e+006
208 9.35212e+006
209 9.35212e+006
210 9.35212e+006
211 9.35212e+006
212 9.35212e+006
213 9.35212e+006
214 9.35212e+006
215 9.35212e+006
216 9.35212e+006
217 9.35212e+006
218 9.35212e+006
219 9.35212e+006
220 9.35212e+006
221 9.35212e+006
222 9.35212e+006
223 9.35212e+006
224 9.35212e+006
225 9.35212e+006
226 9.35212e+006
227 9.35212e+006
228 9.35212e+006
229 9.35212e+006
230 9.35212e+006
231 9.35212e+006
232 9.35212e+006
233 9.35212e+006
234 9.35212e+006
235 9.35212e+006
236 9.35212e+006
237 9.35212e+006
238 9.35212e+006
239 9.35212e+006
240 9.35212e+006
241 9.35212e+006
242 9.35212e+006
243 9.35212e+006
244 9.35212e+006
245 9.35212e+006
246 9.35212e+006
247 9.35212e+006
248 9.35212e+006
249 9.35212e+006
250 9.35212e+006
251 9.35212e+006
252 9.35212e+006
253 9.35212e+006
254 9.35212e+006
255 9.35212e+006
256 9.35212e+006
257 9.35212e+006
258 9.35212e+006
259 9.35212e+006
260 9.35212e+006
261 9.35212e+006
262 9.35212e+006
263 9.35212e+006
264 9.35212e+006
265 9.35212e+006
266 9.35212e+006
267 9.35212e+006
268 9.35212e+006
269 9.35212e+006
270 9.35212e+006
271 9.35212e+006
272 9.35212e+006
273 9.35212e+006
274 9.35212e+006
275 9.35212e+006
276 9.35212e+006
277 9.35212e+006
278 9.35212e+006
279 9.35212e+006
280 9.35212e+006
281 9.35212e+006
282 9.35212e+006
283 9.35212e+006
284 9.35212e+006
285 9.35212e+006
286 9.35212e+006
287 9.35212e+006
288 9.35212e+006
289 9.35212e+006
290 9.35212e+006
291 9.35212e+006
292 9.35212e+006
293 9.35212e+006
294 9.35212e+006
295 9.35212e+006
296 9.35212e+006
297 9.35212e+006
298 9.35212e+006
299 9.35212e+006
300 9.35212e+006
301 9.35212e+006
302 9.35212e+006
303 9.35212e+006
304 9.35212e+006
305 9.35212e+006
306 9.35212e+006
307 9.35212e+006
308 9.35212e+006
309 9.35212e+006
310 9.35212e+006
311 9.35212e+006
312 9.35212e+006
313 9.35212e+006
314 9.35212e+006
315 9.35212e+006
316 9.35212e+006
317 9.35212e+006
318 9.35212e+006
319 9.35212e+006
320 9.35212e+006
321 9.35212e+006
322 9.35212e+006
323 9.35212e+006
324 9.35212e+006
325 9.35212e+006
326 9.35212e+006
327 9.35212e+006
328 9.35212e+006
329 9.35212e+006
330 9.35212e+006
331 9.35212e+006
332 9.35212e+006
333 9.35212e+006
334 9.35212e+006
335 9.35212e+006
336 9.35212e+006
337 9.35212e+006
338 9.35212e+006
339 9.35212e+006
340 9.35212e+006
341 9.35212e+006
342 9.35212e+006
343 9.35212e+006
344 9.35212e+006
345 9.35212e+006
346 9.35212e+006
347 9.35212e+006
348 9.35212e+006
349 9.35212e+006
350 9.35212e+006
351 9.35212e+006
352 9.35212e+006
353 9.35212e+006
354 9.35212e+006
355 9.35212e+006
356 9.35212e+006
357 9.35212e+006
358 9.35212e+006
359 9.35212e+006
360 9.35212e+006
361 9.35212e+006
362 9.35212e+006
363 9.35212e+006
364 9.35212e+006
365 9.35212e+006
366 9.35212e+006
367 9.35212e+006
368 9.35212e+006
369 9.35212e+006
370 9.35212e+006
371 9.35212e+006
372 9.35212e+006
373 9.35212e+006
374 9.35212e+006
375 9.35212e+006
376 9.35212e+006
377 9.35212e+006
378 9.35212e+006
379 9.35212e+006
380 9.35212e+006
381 9.35212e+006
382 9.35212e+006
383 9.35212e+006
384 9.35212e+006
385 9.35212e+006
386 9.35212e+006
387 9.35212e+006
388 9.35212e+006
389 9.35212e+006
390 9.35212e+006
391 9.35212e+006
392 9.35212e+006
393 9.35212e+006
394 9.35212e+006
395 9.35212e+006
396 9.35212e+006
397 9.35212e+006
398 9.35212e+006
399 9.35212e+006
400 9.35212e+006
401 9.35212e+006
402 9.35212e+006
403 9.35212e+006
404 9.35212e+006
405 9.35212e+006
406 9.35212e+006
407 9.35212e+006
408 9.35212e+006
409 9.35212e+006
410 9.35212e+006
411 9.35212e+006
412 9.35212e+006
413 9.35212e+006
414 9.35212e+006
415 9.35212e+006
416 9.35212e+006
417 9.35212e+006
418 9.35212e+006
419 9.35212e+006
420 9.35212e+006
421 9.35212e+006
422 9.35212e+006
423 9.35212e+006
424 9.35212e+006
425 9.35212e+006
426 9.35212e+006
427 9.35212e+006
428 9.35212e+006
429 9.35212e+006
430 9.35212e+006
431 9.35212e+006
432 9.35212e+006
433 9.35212e+006
434 9.35212e+006
435 9.35212e+006
436 9.35212e+006
437 9.35212e+006
438 9.35212e+006
439 9.35212e+006
440 9.35212e+006
441 9.35212e+006
442 9.35212e+006
443 9.35212e+006
444 9.35212e+006
445 9.35212e+006
446 9.35212e+006
447 9.35212e+006
448 9.35212e+006
449 9.35212e+006
450 9.35212e+006
451 9.35212e+006
452 9.35212e+006
453 9.35212e+006
454 9.35212e+006
455 9.35212e+006
456 9.35212e+006
457 9.35212e+006
458 9.35212e+006
459 9.35212e+006
460 9.35212e+006
461 9.35212e+006
462 9.35212e+006
463 9.35212e+006
464 9.35212e+006
465 9.35212e+006
466 9.35212e+006
467 9.35212e+006
468 9.35212e+006
469 9.35212e+006
470 9.35212e+006
471 9.35212e+006
472 9.35212e+006
473 9.35212e+006
474 9.35212e+006
475 9.35212e+006
476 9.35212e+006
477 9.35212e+006
478 9.35212e+006
479 9.35212e+006
480 9.35212e+006
481 9.35212e+006
482 9.35212e+006
483 9.35212e+006
484 9.35212e+006
485 9.35212e+006
486 9.35212e+006
487 9.35212e+006
488 9.35212e+006
489 9.35212e+006
490 9.35212e+006
491 9.35212e+006
492 9.35212e+006
493 9.35212e+006
494 9.35212e+006
495 9.35212e+006
496 9.35212e+006
497 9.35212e+006
498 9.35212e+006
499 9.35212e+006
500 9.35212e+006
501 9.35212e+006
502 9.35212e+006
503 9.35212e+006
504 9.35212e+006
505 9.35212e+006
506 9.35212e+006
507 9.35212e+006
508 9.35212e+006
509 9.35212e+006
510 9.35212e+006
511 9.35212e+006
512 9.35212e+006
513 9.35212e+006
514 9.35212e+006
515 9.35212e+006
516 9.35212e+006
517 9.35212e+006
518 9.35212e+006
519 9.35212e+006
520 9.35212e+006
521 9.35212e+006
522 9.35212e+006
523 9.35212e+006
524 9.35212e+006
525 9.35212e+006
526 9.35212e+006
527 9.35212e+006
528 9.35212e+006
529 9.35212e+006
530 9.35212e+006
531 9.35212e+006
532 9.35212e+006
533 9.35212e+006
534 9.35212e+006
535 9.35212e+006
536 9.35212e+006
537 9.35212e+006
538 9.35212e+006
539 9.35212e+006
540 9.35212e+006
541 9.35212e+006
542 9.35212e+006
543 9.35212e+006
544 9.35212e+006
545 9.35212e+006
546 9.35212e+006
547 9.35212e+006
548 9.35212e+006
549 9.35212e+006
550 9.35212e+006
551 9.35212e+006
552 9.35212e+006
553 9.35212e+006
554 9.35212e+006
555 9.35212e+006
556 9.35212e+006
557 9.35212e+006
558 9.35212e+006
559 9.35212e+006
560 9.35212e+006
561 9.35212e+006
562 9.35212e+006
563 9.35212e+006
564 9.35212e+006
565 9.35212e+006
566 9.35212e+006
567 9.35212e+006
568 9.35212e+006
569 9.35212e+006
570 9.35212e+006
571 9.35212e+006
572 9.35212e+006
573 9.35212e+006
574 9.35212e+006
575 9.35212e+006
576 9.35212e+006
577 9.35212e+006
578 9.35212e+006
579 9.35212e+006
580 9.35212e+006
581 9.35212e+006
582 9.35212e+006
583 9.35212e+006
584 9.35212e+006
585 9.35212e+006
586 9.35212e+006
587 9.35212e+006
588 9.35212e+006
589 9.35212e+006
590 9.35212e+006
591 9.35212e+006
592 9.35212e+006
593 9.35212e+006
594 9.35212e+006
595 9.35212e+006
596 9.35212e+006
597 9.35212e+006
598 9.35212e+006
599 9.35212e+006
600 9.35212e+006
601 9.35212e+006
602 9.35212e+006
603 9.35212e+006
604 9.35212e+006
605 9.35212e+006
606 9.35212e+006
607 9.35212e+006
608 9.35212e+006
609 9.35212e+006
610 9.35212e+006
611 9.35212e+006
612 9.35212e+006
613 9.35212e+006
614 9.35212e+006
615 9.35212e+006
616 9.35212e+006
617 9.35212e+006
618 9.35212e+006
619 9.35212e+006
620 9.35212e+006
621 9.35212e+006
622 9.35212e+006
623 9.35212e+006
624 9.35212e+006
625 9.35212e+006
626 9.35212e+006
627 9.35212e+006
628 9.35212e+006
629 9.35212e+006
630 9.35212e+006
631 9.35212e+006
632 9.35212e+006
633 9.35212e+006
634 9.35212e+006
635 9.35212e+006
636 9.35212e+006
637 9.35212e+006
638 9.35212e+006
639 9.35212e+006
640 9.35212e+006
641 9.35212e+006
642 9.35212e+006
643 9.35212e+006
644 9.35212e+006
645 9.35212e+006
646 9.35212e+006
647 9.35212e+006
648 9.35212e+006
649 9.35212e+006
650 9.35212e+006
651 9.35212e+006
652 9.35212e+006
653 9.35212e+006
654 9.35212e+006
655 9.35212e+006
656 9.35212e+006
657 9.35212e+006
658 9.35212e+006
659 9.35212e+006
660 9.35212e+006
661 9.35212e+006
662 9.35212e+006
663 9.35212e+006
664 9.35212e+006
665 9.35212e+006
666 9.35212e+006
667 9.35212e+006
668 9.35212e+006
669 9.35212e+006
670 9.35212e+006
671 9.35212e+006
672 9.35212e+006
673 9.35212e+006
674 9.35212e+006
675 9.35212e+006
676 9.35212e+006
677 9.35212e+006
678 9.35212e+006
679 9.35212e+006
680 9.35212e+006
681 9.35212e+006
682 9.35212e+006
683 9.35212e+006
684 9.35212e+006
685 9.35212e+006
686 9.35212e+006
687 9.35212e+006
688 9.35212e+006
689 9.35212e+006
690 9.35212e+006
691 9.35212e+006
692 9.35212e+006
693 9.35212e+006
694 9.35212e+006
695 9.35212e+006
696 9.35212e+006
697 9.35212e+006
698 9.35212e+006
699 9.35212e+006
700 9.35212e+006
701 9.35212e+006
702 9.35212e+006
703 9.35212e+006
704 9.35212e+006
705 9.35212e+006
706 9.35212e+006
707 9.35212e+006
708 9.35212e+006
709 9.35212e+006
710 9.35212e+006
711 9.35212e+006
712 9.35212e+006
713 9.35212e+006
714 9.35212e+006
715 9.35212e+006
716 9.35212e+006
717 9.35212e+006
718 9.35212e+006
719 9.35212e+006
720 9.35212e+006
721 9.35212e+006
722 9.35212e+006
723 9.35212e+006
724 9.35212e+006
725 9.35212e+006
726 9.35212e+006
727 9.35212e+006
728 9.35212e+006
729 9.35212e+006
730 9.35212e+006
731 9.35212e+006
732 9.35212e+006
733 9.35212e+006
734 9.35212e+006
735 9.35212e+006
736 9.35212e+006
737 9.35212e+006
738 9.35212e+006
739 9.35212e+006
740 9.35212e+006
741 9.35212e+006
742 9.35212e+006
743 9.35212e+006
744 9.35212e+006
745 9.35212e+006
746 9.35212e+006
747 9.35212e+006
748 9.35212e+006
749 9.35212e+006
750 9.35212e+006
751 9.35212e+006
752 9.35212e+006
753 9.35212e+006
754 9.35212e+006
755 9.35212e+006
756 9.35212e+006
757 9.35212e+006
758 9.35212e+006
759 9.35212e+006
760 9.35212e+006
761 9.35212e+006
762 9.35212e+006
763 9.35212e+006
764 9.35212e+006
765 9.35212e+006
766 9.35212e+006
767 9.35212e+006
768 9.35212e+006
769 9.35212e+006
770 9.35212e+006
771 9.35212e+006
772 9.35212e+006
773 9.35212e+006
774 9.35212e+006
775 9.35212e+006
776 9.35212e+006
777 9.35212e+006
778 9.35212e+006
779 9.35212e+006
780 9.35212e+006
781 9.35212e+006
782 9.35212e+006
783 9.35212e+006
784 9.35212e+006
785 9.35212e+006
786 9.35212e+006
787 9.35212e+006
788 9.35212e+006
789 9.35212e+006
790 9.35212e+006
791 9.35212e+006
792 9.35212e+006
793 9.35212e+006
794 9.35212e+006
795 9.35212e+006
796 9.35212e+006
797 9.35212e+006
798 9.35212e+006
799 9.35212e+006
800 9.35212e+006
801 9.35212e+006
802 9.35212e+006
803 9.35212e+006
804 9.35212e+006
805 9.35212e+006
806 9.35212e+006
807 9.35212e+006
808 9.35212e+006
809 9.35212e+006
810 9.35212e+006
811 9.35212e+006
812 9.35212e+006
813 9.35212e+006
814 9.35212e+006
815 9.35212e+006
816 9.35212e+006
817 9.35212e+006
818 9.35212e+006
819 9.35212e+006
820 9.35212e+006
821 9.35212e+006
822 9.35212e+006
823 9.35212e+006
824 9.35212e+006
825 9.35212e+006
826 9.35212e+006
827 9.35212e+006
828 9.35212e+006
829 9.35212e+006
830 9.35212e+006
831 9.35212e+006
832 9.35212e+006
833 9.35212e+006
834 9.35212e+006
835 9.35212e+006
836 9.35212e+006
837 9.35212e+006
838 9.35212e+006
839 9.35212e+006
840 9.35212e+006
841 9.35212e+006
842 9.35212e+006
843 9.35212e+006
844 9.35212e+006
845 9.35212e+006
846 9.35212e+006
847 9.35212e+006
848 9.35212e+006
849 9.35212e+006
850 9.35212e+006
851 9.35212e+006
852 9.35212e+006
853 9.35212e+006
854 9.35212e+006
855 9.35212e+006
856 9.35212e+006
857 9.35212e+006
858 9.35212e+006
859 9.35212e+006
860 9.35212e+006
861 9.35212e+006
862 9.35212e+006
863 9.35212e+006
864 9.35212e+006
865 9.35212e+006
866 9.35212e+006
867 9.35212e+006
868 9.35212e+006
869 9.35212e+006
870 9.35212e+006
871 9.35212e+006
872 9.35212e+006
873 9.35212e+006
874 9.35212e+006
875 9.35212e+006
876 9.35212e+006
877 9.35212e+006
878 9.35212e+006
879 9.35212e+006
880 9.35212e+006
881 9.35212e+006
882 9.35212e+006
883 9.35212e+006
884 9.35212e+006
885 9.35212e+006
886 9.35212e+006
887 9.35212e+006
888 9.35212e+006
889 9.35212e+006
890 9.35212e+006
891 9.35212e+006
892 9.35212e+006
893 9.35212e+006
894 9.35212e+006
895 9.35212e+006
896 9.35212e+006
897 9.35212e+006
898 9.35212e+006
899 9.35212e+006
900 9.35212e+006
901 9.35212e+006
902 9.35212e+006
903 9.35212e+006
904 9.35212e+006
905 9.35212e+006
906 9.35212e+006
907 9.35212e+006
908 9.35212e+006
909 9.35212e+006
910 9.35212e+006
911 9.35212e+006
912 9.35212e+006
913 9.35212e+006
914 9.35212e+006
915 9.35212e+006
916 9.35212e+006
917 9.35212e+006
918 9.35212e+006
919 9.35212e+006
920 9.35212e+006
921 9.35212e+006
922 9.35212e+006
923 9.35212e+006
924 9.35212e+006
925 9.35212e+006
926 9.35212e+006
927 9.35212e+006
928 9.35212e+006
929 9.35212e+006
930 9.35212e+006
931 9.35212e+006
932 9.35212e+006
933 9.35212e+006
934 9.35212e+006
935 9.35212e+006
936 9.35212e+006
937 9.35212e+006
938 9.35212e+006
939 9.35212e+006
940 9.35212e+006
941 9.35212e+006
942 9.35212e+006
943 9.35212e+006
944 9.35212e+006
945 9.35212e+006
946 9.35212e+006
947 9.35212e+006
948 9.35212e+006
949 9.35212e+006
950 9.35212e+006
951 9.35212e+006
952 9.35212e+006
953 9.35212e+006
954 9.35212e+006
955 9.35212e+006
956 9.35212e+006
957 9.35212e+006
958 9.35212e+006
959 9.35212e+006
960 9.35212e+006
961 9.35212e+006
962 9.35212e+006
963 9.35212e+006
964 9.35212e+006
965 9.35212e+006
966 9.35212e+006
967 9.35212e+006
968 9.35212e+006
969 9.35212e+006
970 9.35212e+006
971 9.35212e+006
972 9.35212e+006
973 9.35212e+006
974 9.35212e+006
975 9.35212e+006
976 9.35212e+006
977 9.35212e+006
978 9.35212e+006
979 9.35212e+006
980 9.35212e+006
981 9.35212e+006
982 9.35212e+006
983 9.35212e+006
984 9.35212e+006
985 9.35212e+006
986 9.35212e+006
987 9.35212e+006
988 9.35212e+006
989 9.35212e+006
990 9.35212e+006
991 9.35212e+006
992 9.35212e+006
993 9.35212e+006
994 9.35212e+006
995 9.35212e+006
996 9.35212e+006
997 9.35212e+006
998 9.35212e+006
999 9.35212e+006
1000 9.35212e+006
1001 9.35212e+006
1002 9.35212e+006
1003 9.35212e+006
1004 9.35212e+006
1005 9.35212e+006
1006 9.35212e+006
1007 9.35212e+006
1008 9.35212e+006
1009 9.35212e+006
1010 9.35212e+006
1011 9.35212e+006
1012 9.35212e+006
1013 9.35212e+006
1014 9.35212e+006
1015 9.35212e+006
1016 9.35212e+006
1017 9.35212e+006
1018 9.35212e+006
1019 9.35212e+006
1020 9.35212e+006
1021 9.35212e+006
1022 9.35212e+006
1023 9.35212e+006
1024 9.35212e+006
1025 9.35212e+006
1026 9.35212e+006
1027 9.35212e+006
1028 9.35212e+006
1029 9.35212e+006
1030 9.35212e+006
1031 9.35212e+006
1032 9.35212e+006
1033 9.35212e+006
1034 9.35212e+006
1035 9.35212e+006
1036 9.35212e+006
1037 9.35212e+006
1038 9.35212e+006
1039 9.35212e+006
1040 9.35212e+006
1041 9.35212e+006
1042 9.35212e+006
1043 9.35212e+006
1044 9.35212e+006
1045 9.35212e+006
1046 9.35212e+006
1047 9.35212e+006
1048 9.35212e+006
1049 9.35212e+006
1050 9.35212e+006
1051 9.35212e+006
1052 9.35212e+006
1053 9.35212e+006
1054 9.35212e+006
1055 9.35212e+006
1056 9.35212e+006
1057 9.35212e+006
1058 9.35212e+006
1059 9.35212e+006
1060 9.35212e+006
1061 9.35212e+006
1062 9.35212e+006
1063 9.35212e+006
1064 9.35212e+006
1065 9.35212e+006
1066 9.35212e+006
1067 9.35212e+006
1068 9.35212e+006
1069 9.35212e+006
1070 9.35212e+006
1071 9.35212e+006
1072 9.35212e+006
1073 9.35212e+006
1074 9.35212e+006
1075 9.35212e+006
1076 9.35212e+006
1077 9.35212e+006
1078 9.35212e+006
1079 9.35212e+006
1080 9.35212e+006
1081 9.35212e+006
1082 9.35212e+006
1083 9.35212e+006
1084 9.35212e+006
1085 9.35212e+006
1086 9.35212e+006
1087 9.35212e+006
1088 9.35212e+006
1089 9.35212e+006
1090 9.35212e+006
1091 9.35212e+006
1092 9.35212e+006
1093 9.35212e+006
1094 9.35212e+006
1095 9.35212e+006
1096 9.35212e+006
1097 9.35212e+006
1098 9.35212e+006
1099 9.35212e+006
1100 9.35212e+006
1101 9.35212e+006
1102 9.35212e+006
1103 9.35212e+006
1104 9.35212e+006
1105 9.35212e+006
1106 9.35212e+006
1107 9.35212e+006
1108 9.35212e+006
1109 9.35212e+006
1110 9.35212e+006
1111 9.35212e+006
1112 9.35212e+006
1113 9.35212e+006
1114 9.35212e+006
1115 9.35212e+006
1116 9.35212e+006
1117 9.35212e+006
1118 9.35212e+006
1119 9.35212e+006
1120 9.35212e+006
1121 9.35212e+006
1122 9.35212e+006
1123 9.35212e+006
1124 9.35212e+006
1125 9.35212e+006
1126 9.35212e+006
1127 9.35212e+006
1128 9.35212e+006
1129 9.35212e+006
1130 9.35212e+006
1131 9.35212e+006
1132 9.35212e+006
1133 9.35212e+006
1134 9.35212e+006
1135 9.35212e+006
1136 9.35212e+006
1137 9.35212e+006
1138 9.35212e+006
1139 9.35212e+006
1140 9.35212e+006
1141 9.35212e+006
1142 9.35212e+006
1143 9.35212e+006
1144 9.35212e+006
1145 9.35212e+006
1146 9.35212e+006
1147 9.35212e+006
1148 9.35212e+006
1149 9.35212e+006
1150 9.35212e+006
1151 9.35212e+006
1152 9.35212e+006
1153 9.35212e+006
1154 9.35212e+006
1155 9.35212e+006
1156 9.35212e+006
1157 9.35212e+006
1158 9.35212e+006
1159 9.35212e+006
1160 9.35212e+006
1161 9.35212e+006
1162 9.35212e+006
1163 9.35212e+006
1164 9.35212e+006
1165 9.35212e+006
1166 9.35212e+006
1167 9.35212e+006
1168 9.35212e+006
1169 9.35212e+006
1170 9.35212e+006
1171 9.35212e+006
1172 9.35212e+006
1173 9.35212e+006
1174 9.35212e+006
1175 9.35212e+006
1176 9.35212e+006
1177 9.35212e+006
1178 9.35212e+006
1179 9.35212e+006
1180 9.35212e+006
1181 9.35212e+006
1182 9.35212e+006
1183 9.35212e+006
1184 9.35212e+006
1185 9.35212e+006
1186 9.35212e+006
1187 9.35212e+006
1188 9.35212e+006
1189 9.35212e+006
1190 9.35212e+006
1191 9.35212e+006
1192 9.35212e+006
1193 9.35212e+006
1194 9.35212e+006
1195 9.35212e+006
1196 9.35212e+006
1197 9.35212e+006
1198 9.35212e+006
1199 9.35212e+006
1200 9.35212e+006
1201 9.35212e+006
1202 9.35212e+006
1203 9.35212e+006
1204 9.35212e+006
1205 9.35212e+006
1206 9.35212e+006
1207 9.35212e+006
1208 9.35212e+006
1209 9.35212e+006
1210 9.35212e+006
1211 9.35212e+006
1212 9.35212e+006
1213 9.35212e+006
1214 9.35212e+006
1215 9.35212e+006
1216 9.35212e+006
1217 9.35212e+006
1218 9.35212e+006
1219 9.35212e+006
1220 9.35212e+006
1221 9.35212e+006
1222 9.35212e+006
1223 9.35212e+006
1224 9.35212e+006
1225 9.35212e+006
1226 9.35212e+006
1227 9.35212e+006
1228 9.35212e+006
1229 9.35212e+006
1230 9.35212e+006
1231 9.35212e+006
1232 9.35212e+006
1233 9.35212e+006
1234 9.35212e+006
1235 9.35212e+006
1236 9.35212e+006
1237 9.35212e+006
1238 9.35212e+006
1239 9.35212e+006
1240 9.35212e+006
1241 9.35212e+006
1242 9.35212e+006
1243 9.35212e+006
1244 9.35212e+006
1245 9.35212e+006
1246 9.35212e+006
1247 9.35212e+006
1248 9.35212e+006
1249 9.35212e+006
1250 9.35212e+006
1251 9.35212e+006
1252 9.35212e+006
1253 9.35212e+006
1254 9.35212e+006
1255 9.35212e+006
1256 9.35212e+006
1257 9.35212e+006
1258 9.35212e+006
1259 9.35212e+006
1260 9.35212e+006
1261 9.35212e+006
1262 9.35212e+006
1263 9.35212e+006
1264 9.35212e+006
1265 9.35212e+006
1266 9.35212e+006
1267 9.35212e+006
1268 9.35212e+006
1269 9.35212e+006
1270 9.35212e+006
1271 9.35212e+006
1272 9.35212e+006
1273 9.35212e+006
1274 9.35212e+006
1275 9.35212e+006
1276 9.35212e+006
1277 9.35212e+006
1278 9.35212e+006
1279 9.35212e+006
1280 9.35212e+006
1281 9.35212e+006
1282 9.35212e+006
1283 9.35212e+006
1284 9.35212e+006
1285 9.35212e+006
1286 9.35212e+006
1287 9.35212e+006
1288 9.35212e+006
1289 9.35212e+006
1290 9.35212e+006
1291 9.35212e+006
1292 9.35212e+006
1293 9.35212e+006
1294 9.35212e+006
1295 9.35212e+006
1296 9.35212e+006
1297 9.35212e+006
1298 9.35212e+006
1299 9.35212e+006
1300 9.35212e+006
1301 9.35212e+006
1302 9.35212e+006
1303 9.35212e+006
1304 9.35212e+006
1305 9.35212e+006
1306 9.35212e+006
1307 9.35212e+006
1308 9.35212e+006
1309 9.35212e+006
1310 9.35212e+006
1311 9.35212e+006
1312 9.35212e+006
1313 9.35212e+006
1314 9.35212e+006
1315 9.35212e+006
1316 9.35212e+006
1317 9.35212e+006
1318 9.35212e+006
1319 9.35212e+006
1320 9.35212e+006
1321 9.35212e+006
1322 9.35212e+006
1323 9.35212e+006
1324 9.35212e+006
1325 9.35212e+006
1326 9.35212e+006
1327 9.35212e+006
1328 9.35212e+006
1329 9.35212e+006
1330 9.35212e+006
1331 9.35212e+006
1332 9.35212e+006
1333 9.35212e+006
1334 9.35212e+006
1335 9.35212e+006
1336 9.35212e+006
1337 9.35212e+006
1338 9.35212e+006
1339 9.35212e+006
1340 9.35212e+006
1341 9.35212e+006
1342 9.35212e+006
1343 9.35212e+006
1344 9.35212e+006
1345 9.35212e+006
1346 9.35212e+006
1347 9.35212e+006
1348 9.35212e+006
1349 9.35212e+006
1350 9.35212e+006
1351 9.35212e+006
1352 9.35212e+006
1353 9.35212e+006
1354 9.35212e+006
1355 9.35212e+006
1356 9.35212e+006
1357 9.35212e+006
1358 9.35212e+006
1359 9.35212e+006
1360 9.35212e+006
1361 9.35212e+006
1362 9.35212e+006
1363 9.35212e+006
1364 9.35212e+006
1365 9.35212e+006
1366 9.35212e+006
1367 9.35212e+006
1368 9.35212e+006
1369 9.35212e+006
1370 9.35212e+006
1371 9.35212e+006
1372 9.35212e+006
1373 9.35212e+006
1374 9.35212e+006
1375 9.35212e+006
1376 9.35212e+006
1377 9.35212e+006
1378 9.35212e+006
1379 9.35212e+006
1380 9.35212e+006
1381 9.35212e+006
1382 9.35212e+006
1383 9.35212e+006
1384 9.35212e+006
1385 9.35212e+006
1386 9.35212e+006
1387 9.35212e+006
1388 9.35212e+006
1389 9.35212e+006
1390 9.35212e+006
1391 9.35212e+006
1392 9.35212e+006
1393 9.35212e+006
1394 9.35212e+006
1395 9.35212e+006
1396 9.35212e+006
1397 9.35212e+006
1398 9.35212e+006
1399 9.35212e+006
1400 9.35212e+006
1401 9.35212e+006
1402 9.35212e+006
1403 9.35212e+006
1404 9.35212e+006
1405 9.35212e+006
1406 9.35212e+006
1407 9.35212e+006
1408 9.35212e+006
1409 9.35212e+006
1410 9.35212e+006
1411 9.35212e+006
1412 9.35212e+006
1413 9.35212e+006
1414 9.35212e+006
1415 9.35212e+006
1416 9.35212e+006
1417 9.35212e+006
1418 9.35212e+006
1419 9.35212e+006
1420 9.35212e+006
1421 9.35212e+006
1422 9.35212e+006
1423 9.35212e+006
1424 9.35212e+006
1425 9.35212e+006
1426 9.35212e+006
1427 9.35212e+006
1428 9.35212e+006
1429 9.35212e+006
1430 9.35212e+006
1431 9.35212e+006
1432 9.35212e+006
1433 9.35212e+006
1434 9.35212e+006
1435 9.35212e+006
1436 9.35212e+006
1437 9.35212e+006
1438 9.35212e+006
1439 9.35212e+006
1440 9.35212e+006
1441 9.35212e+006
1442 9.35212e+006
1443 9.35212e+006
1444 9.35212e+006
1445 9.35212e+006
1446 9.35212e+006
1447 9.35212e+006
1448 9.35212e+006
1449 9.35212e+006
1450 9.35212e+006
1451 9.35212e+006
1452 9.35212e+006
1453 9.35212e+006
1454 9.35212e+006
1455 9.35212e+006
1456 9.35212e+006
1457 9.35212e+006
1458 9.35212e+006
1459 9.35212e+006
1460 9.35212e+006
1461 9.35212e+006
1462 9.35212e+006
1463 9.35212e+006
1464 9.35212e+006
1465 9.35212e+006
1466 9.35212e+006
1467 9.35212e+006
1468 9.35212e+006
1469 9.35212e+006
1470 9.35212e+006
1471 9.35212e+006
1472 9.35212e+006
1473 9.35212e+006
1474 9.35212e+006
1475 9.35212e+006
1476 9.35212e+006
1477 9.35212e+006
1478 9.35212e+006
1479 9.35212e+006
1480 9.35212e+006
1481 9.35212e+006
1482 9.35212e+006
1483 9.35212e+006
1484 9.35212e+006
1485 9.35212e+006
1486 9.35212e+006
1487 9.35212e+006
1488 9.35212e+006
1489 9.35212e+006
1490 9.35212e+006
1491 9.35212e+006
1492 9.35212e+006
1493 9.35212e+006
1494 9.35212e+006
1495 9.35212e+006
1496 9.35212e+006
1497 9.35212e+006
1498 9.35212e+006
1499 9.35212e+006
1500 9.35212e+006
1501 9.35212e+006
1502 9.35212e+006
1503 9.35212e+006
1504 9.35212e+006
1505 9.35212e+006
1506 9.35212e+006
1507 9.35212e+006
1508 9.35212e+006
1509 9.35212e+006
1510 9.35212e+006
1511 9.35212e+006
1512 9.35212e+006
1513 9.35212e+006
1514 9.35212e+006
1515 9.35212e+006
1516 9.35212e+006
1517 9.35212e+006
1518 9.35212e+006
1519 9.35212e+006
1520 9.35212e+006
1521 9.35212e+006
1522 9.35212e+006
1523 9.35212e+006
1524 9.35212e+006
1525 9.35212e+006
1526 9.35212e+006
1527 9.35212e+006
1528 9.35212e+006
1529 9.35212e+006
1530 9.35212e+006
1531 9.35212e+006
1532 9.35212e+006
1533 9.35212e+006
1534 9.35212e+006
1535 9.35212e+006
1536 9.35212e+006
1537 9.35212e+006
1538 9.35212e+006
1539 9.35212e+006
1540 9.35212e+006
1541 9.35212e+006
1542 9.35212e+006
1543 9.35212e+006
1544 9.35212e+006
1545 9.35212e+006
1546 9.35212e+006
1547 9.35212e+006
1548 9.35212e+006
1549 9.35212e+006
1550 9.35212e+006
1551 9.35212e+006
1552 9.35212e+006
1553 9.35212e+006
1554 9.35212e+006
1555 9.35212e+006
1556 9.35212e+006
1557 9.35212e+006
1558 9.35212e+006
1559 9.35212e+006
1560 9.35212e+006
1561 9.35212e+006
1562 9.35212e+006
1563 9.35212e+006
1564 9.35212e+006
1565 9.35212e+006
1566 9.35212e+006
1567 9.35212e+006
1568 9.35212e+006
1569 9.35212e+006
1570 9.35212e+006
1571 9.35212e+006
1572 9.35212e+006
1573 9.35212e+006
1574 9.35212e+006
1575 9.35212e+006
1576 9.35212e+006
1577 9.35212e+006
1578 9.35212e+006
1579 9.35212e+006
1580 9.35212e+006
1581 9.35212e+006
1582 9.35212e+006
1583 9.35212e+006
1584 9.35212e+006
1585 9.35212e+006
1586 9.35212e+006
1587 9.35212e+006
1588 9.35212e+006
1589 9.35212e+006
1590 9.35212e+006
1591 9.35212e+006
1592 9.35212e+006
1593 9.35212e+006
1594 9.35212e+006
1595 9.35212e+006
1596 9.35212e+006
1597 9.35212e+006
1598 9.35212e+006
1599 9.35212e+006
1600 9.35212e+006
1601 9.35212e+006
1602 9.35212e+006
1603 9.35212e+006
1604 9.35212e+006
1605 9.35212e+006
1606 9.35212e+006
1607 9.35212e+006
1608 9.35212e+006
1609 9.35212e+006
1610 9.35212e+006
1611 9.35212e+006
1612 9.35212e+006
1613 9.35212e+006
1614 9.35212e+006
1615 9.35212e+006
1616 9.35212e+006
1617 9.35212e+006
1618 9.35212e+006
1619 9.35212e+006
1620 9.35212e+006
1621 9.35212e+006
1622 9.35212e+006
1623 9.35212e+006
1624 9.35212e+006
1625 9.35212e+006
1626 9.35212e+006
1627 9.35212e+006
1628 9.35212e+006
1629 9.35212e+006
1630 9.35212e+006
1631 9.35212e+006
1632 9.35212e+006
1633 9.35212e+006
1634 9.35212e+006
1635 9.35212e+006
1636 9.35212e+006
1637 9.35212e+006
1638 9.35212e+006
1639 9.35212e+006
1640 9.35212e+006
1641 9.35212e+006
1642 9.35212e+006
1643 9.35212e+006
1644 9.35212e+006
1645 9.35212e+006
1646 9.35212e+006
1647 9.35212e+006
1648 9.35212e+006
1649 9.35212e+006
1650 9.35212e+006
1651 9.35212e+006
1652 9.35212e+006
1653 9.35212e+006
1654 9.35212e+006
1655 9.35212e+006
1656 9.35212e+006
1657 9.35212e+006
1658 9.35212e+006
1659 9.35212e+006
1660 9.35212e+006
1661 9.35212e+006
1662 9.35212e+006
1663 9.35212e+006
1664 9.35212e+006
1665 9.35212e+006
1666 9.35212e+006
1667 9.35212e+006
1668 9.35212e+006
1669 9.35212e+006
1670 9.35212e+006
1671 9.35212e+006
1672 9.35212e+006
1673 9.35212e+006
1674 9.35212e+006
1675 9.35212e+006
1676 9.35212e+006
1677 9.35212e+006
1678 9.35212e+006
1679 9.35212e+006
1680 9.35212e+006
1681 9.35212e+006
1682 9.35212e+006
1683 9.35212e+006
1684 9.35212e+006
1685 9.35212e+006
1686 9.35212e+006
1687 9.35212e+006
1688 9.35212e+006
1689 9.35212e+006
1690 9.35212e+006
1691 9.35212e+006
1692 9.35212e+006
1693 9.35212e+006
1694 9.35212e+006
1695 9.35212e+006
1696 9.35212e+006
1697 9.35212e+006
1698 9.35212e+006
1699 9.35212e+006
1700 9.35212e+006
1701 9.35212e+006
1702 9.35212e+006
1703 9.35212e+006
1704 9.35212e+006
1705 9.35212e+006
1706 9.35212e+006
1707 9.35212e+006
1708 9.35212e+006
1709 9.35212e+006
1710 9.35212e+006
1711 9.35212e+006
1712 9.35212e+006
1713 9.35212e+006
1714 9.35212e+006
1715 9.35212e+006
1716 9.35212e+006
1717 9.35212e+006
1718 9.35212e+006
1719 9.35212e+006
1720 9.35212e+006
1721 9.35212e+006
1722 9.35212e+006
1723 9.35212e+006
1724 9.35212e+006
1725 9.35212e+006
1726 9.35212e+006
1727 9.35212e+006
1728 9.35212e+006
1729 9.35212e+006
1730 9.35212e+006
1731 9.35212e+006
1732 9.35212e+006
1733 9.35212e+006
1734 9.35212e+006
1735 9.35212e+006
1736 9.35212e+006
1737 9.35212e+006
1738 9.35212e+006
1739 9.35212e+006
1740 9.35212e+006
1741 9.35212e+006
1742 9.35212e+006
1743 9.35212e+006
1744 9.35212e+006
1745 9.35212e+006
1746 9.35212e+006
1747 9.35212e+006
1748 9.35212e+006
1749 9.35212e+006
1750 9.35212e+006
1751 9.35212e+006
1752 9.35212e+006
1753 9.35212e+006
1754 9.35212e+006
1755 9.35212e+006
1756 9.35212e+006
1757 9.35212e+006
1758 9.35212e+006
1759 9.35212e+006
1760 9.35212e+006
1761 9.35212e+006
1762 9.35212e+006
1763 9.35212e+006
1764 9.35212e+006
1765 9.35212e+006
1766 9.35212e+006
1767 9.35212e+006
1768 9.35212e+006
1769 9.35212e+006
1770 9.35212e+006
1771 9.35212e+006
1772 9.35212e+006
1773 9.35212e+006
1774 9.35212e+006
1775 9.35212e+006
1776 9.35212e+006
1777 9.35212e+006
1778 9.35212e+006
1779 9.35212e+006
1780 9.35212e+006
1781 9.35212e+006
1782 9.35212e+006
1783 9.35212e+006
1784 9.35212e+006
1785 9.35212e+006
1786 9.35212e+006
1787 9.35212e+006
1788 9.35212e+006
1789 9.35212e+006
1790 9.35212e+006
1791 9.35212e+006
1792 9.35212e+006
1793 9.35212e+006
1794 9.35212e+006
1795 9.35212e+006
1796 9.35212e+006
1797 9.35212e+006
1798 9.35212e+006
1799 9.35212e+006
1800 9.35212e+006
1801 9.35212e+006
1802 9.35212e+006
1803 9.35212e+006
1804 9.35212e+006
1805 9.35212e+006
1806 9.35212e+006
1807 9.35212e+006
1808 9.35212e+006
1809 9.35212e+006
1810 9.35212e+006
1811 9.35212e+006
1812 9.35212e+006
1813 9.35212e+006
1814 9.35212e+006
1815 9.35212e+006
1816 9.35212e+006
1817 9.35212e+006
1818 9.35212e+006
1819 9.35212e+006
1820 9.35212e+006
1821 9.35212e+006
1822 9.35212e+006
1823 9.35212e+006
1824 9.35212e+006
1825 9.35212e+006
1826 9.35212e+006
1827 9.35212e+006
1828 9.35212e+006
1829 9.35212e+006
1830 9.35212e+006
1831 9.35212e+006
1832 9.35212e+006
1833 9.35212e+006
1834 9.35212e+006
1835 9.35212e+006
1836 9.35212e+006
1837 9.35212e+006
1838 9.35212e+006
1839 9.35212e+006
1840 9.35212e+006
1841 9.35212e+006
1842 9.35212e+006
1843 9.35212e+006
1844 9.35212e+006
1845 9.35212e+006
1846 9.35212e+006
1847 9.35212e+006
1848 9.35212e+006
1849 9.35212e+006
1850 9.35212e+006
1851 9.35212e+006
1852 9.35212e+006
1853 9.35212e+006
1854 9.35212e+006
1855 9.35212e+006
1856 9.35212e+006
1857 9.35212e+006
1858 9.35212e+006
1859 9.35212e+006
1860 9.35212e+006
1861 9.35212e+006
1862 9.35212e+006
1863 9.35212e+006
1864 9.35212e+006
1865 9.35212e+006
1866 9.35212e+006
1867 9.35212e+006
1868 9.35212e+006
1869 9.35212e+006
1870 9.35212e+006
1871 9.35212e+006
1872 9.35212e+006
1873 9.35212e+006
1874 9.35212e+006
1875 9.35212e+006
1876 9.35212e+006
1877 9.35212e+006
1878 9.35212e+006
1879 9.35212e+006
1880 9.35212e+006
1881 9.35212e+006
1882 9.35212e+006
1883 9.35212e+006
1884 9.35212e+006
1885 9.35212e+006
1886 9.35212e+006
1887 9.35212e+006
1888 9.35212e+006
1889 9.35212e+006
1890 9.35212e+006
1891 9.35212e+006
1892 9.35212e+006
1893 9.35212e+006
1894 9.35212e+006
1895 9.35212e+006
1896 9.35212e+006
1897 9.35212e+006
1898 9.35212e+006
1899 9.35212e+006
1900 9.35212e+006
1901 9.35212e+006
1902 9.35212e+006
1903 9.35212e+006
1904 9.35212e+006
1905 9.35212e+006
1906 9.35212e+006
1907 9.35212e+006
1908 9.35212e+006
1909 9.35212e+006
1910 9.35212e+006
1911 9.35212e+006
1912 9.35212e+006
1913 9.35212e+006
1914 9.35212e+006
1915 9.35212e+006
1916 9.35212e+006
1917 9.35212e+006
1918 9.35212e+006
1919 9.35212e+006
1920 9.35212e+006
1921 9.35212e+006
1922 9.35212e+006
1923 9.35212e+006
1924 9.35212e+006
1925 9.35212e+006
1926 9.35212e+006
1927 9.35212e+006
1928 9.35212e+006
1929 9.35212e+006
1930 9.35212e+006
1931 9.35212e+006
1932 9.35212e+006
1933 9.35212e+006
1934 9.35212e+006
1935 9.35212e+006
1936 9.35212e+006
1937 9.35212e+006
1938 9.35212e+006
1939 9.35212e+006
1940 9.35212e+006
1941 9.35212e+006
1942 9.35212e+006
1943 9.35212e+006
1944 9.35212e+006
1945 9.35212e+006
1946 9.35212e+006
1947 9.35212e+006
1948 9.35212e+006
1949 9.35212e+006
1950 9.35212e+006
1951 9.35212e+006
1952 9.35212e+006
1953 9.35212e+006
1954 9.35212e+006
1955 9.35212e+006
1956 9.35212e+006
1957 9.35212e+006
1958 9.35212e+006
1959 9.35212e+006
1960 9.35212e+006
1961 9.35212e+006
1962 9.35212e+006
1963 9.35212e+006
1964 9.35212e+006
1965 9.35212e+006
1966 9.35212e+006
1967 9.35212e+006
1968 9.35212e+006
1969 9.35212e+006
1970 9.35212e+006
1971 9.35212e+006
1972 9.35212e+006
1973 9.35212e+006
1974 9.35212e+006
1975 9.35212e+006
1976 9.35212e+006
1977 9.35212e+006
1978 9.35212e+006
1979 9.35212e+006
1980 9.35212e+006
1981 9.35212e+006
1982 9.35212e+006
1983 9.35212e+006
1984 9.35212e+006
1985 9.35212e+006
1986 9.35212e+006
1987 9.35212e+006
1988 9.35212e+006
1989 9.35212e+006
1990 9.35212e+006
1991 9.35212e+006
1992 9.35212e+006
1993 9.35212e+006
1994 9.35212e+006
1995 9.35212e+006
1996 9.35212e+006
1997 9.35212e+006
1998 9.35212e+006
1999 9.35212e+006
2000 9.35212e+006
